,2,3,4,5,6,7,8,9,10,11
12,0.0,0.0,0.0,0.0,0.0,0.0,0.0,0.0,0.0,0.0
13,0.0,0.0,0.0,0.0,0.0,0.0,0.0,0.0,0.0,0.0
14,0.0,0.0,0.0,0.0,0.0,0.0,0.0,0.0,0.0,0.0
15,-0.00012068474052641387,0.029159812622497394,0.05928537693117983,0.0919596987811524,0.11824589170260663,0.03702828227926917,-0.02705478050290165,-0.11218876868994296,-0.22543993358238784,-0.35040861587701955
16,-0.021025187774008622,0.009059095346910906,0.03997477079360165,0.0734488159513933,0.09882125545027726,-0.004890157173015969,-0.06679484792009407,-0.1486435346300748,-0.25710121084742427,-0.3771403993227061
17,-0.0004910435828891502,0.028975282965620554,0.05932627533716429,0.09118907768677431,0.12805214364549894,0.05382346371611657,-0.07291539872964209,-0.1497868921821333,-0.2494160210244404,-0.39508788939909145
18,0.06290506947151772,0.09024827856544013,0.11850192387781078,0.1476127478116439,0.19075324103939664,0.17067649990517347,0.03967744427056658,-0.10074430758041532,-0.2010979338127715,-0.33774785167946925
19,0.12395801957914136,0.14933970866308222,0.17557680563858263,0.2029860345465762,0.23979935436410912,0.22062011415522265,0.1522702872707752,0.007892641744434284,-0.14967131603310346,-0.2773837440859678
20,0.18249999400904499,0.206087975813941,0.23047012189717694,0.2562585545016338,0.28779508429888423,0.25690874433608657,0.19795370833197615,0.11652959106928383,-0.04499026038361295,-0.2170196364924662
21,0.23835074945762985,0.2603252672870798,0.283020275208988,0.3073495089545139,0.3336900474537847,0.2921469911270131,0.22998214532399183,0.15825711845512563,0.059690795265877505,-0.1034010910291423
