,2,3,4,5,6,7,8,9,10,11
12,0.0,0.0,0.0,0.0,0.0,0.0,0.0,0.0,0.0,0.0
13,0.0,0.0,0.0,0.0,0.0,0.0,0.0,0.0,0.0,0.0
14,0.0,0.0,0.0,0.0,0.0,0.0,0.0,0.0,0.0,0.0
15,-0.2927837272092773,-0.2522502292357135,-0.21106310899491443,-0.16719266083547535,-0.15369901583000453,-0.4753751832769334,-0.5105175154976174,-0.5431496811311095,-0.5757818467646016,-0.7694274593976611
16,-0.2927837272092773,-0.2522502292357135,-0.21106310899491443,-0.16719266083547535,-0.15369901583000453,-0.4753751832769334,-0.5105175154976174,-0.5431496811311095,-0.5757818467646016,-0.7694274593976611
17,-0.15297458768154204,-0.11721624142457357,-0.08057337314531618,-0.04494137556492457,0.011739160673341825,-0.10680898948269475,-0.3819509710484473,-0.4231542396452175,-0.4643575082419876,-0.6386385596117411
18,0.12174190222088775,0.14830007284131125,0.17585443719748528,0.19956119497617705,0.28344391604689845,0.3995541673365517,0.10595134861912359,-0.18316335667343342,-0.2415088311967596,-0.3770607600399012
19,0.38630468602059,0.4043629365977602,0.42317892482749647,0.4395121041608837,0.49597707378731903,0.6159764957534314,0.5938536682866944,0.2875967570675814,-0.01866015415153155,-0.11548296046806128
20,0.639986575216839,0.6502720942514815,0.6610499619480718,0.6703596906328,0.7039585701713446,0.773227226537175,0.7918151595518985,0.7583568708085962,0.4349577536629273,0.14609483910377863
21,0.8820065154940402,0.8853003573017495,0.8887672929659196,0.8917538265952804,0.90283674384258,0.9259262959645235,0.9306050531839662,0.9391761561472441,0.8885756614773861,0.6384418694448493
